院校名称,省份,科类,年份,批次,最低分,最低位次,招生计划
华东师范大学,广西,历史类,2025,本科批,621,472,
东南大学,广西,历史类,2025,本科批,616,602,
西安交通大学,广西,历史类,2025,本科批,616,609,
四川大学,广西,历史类,2025,本科批,613,702,
中南大学,广西,历史类,2025,本科批,607,943,23
哈尔滨工业大学,广西,历史类,2025,本科批,607,943,
对外经济贸易大学,广西,历史类,2025,本科批,606,997,26
厦门大学,广西,历史类,2025,特殊类型批,604,1102,
外交学院,广西,历史类,2025,本科提前批,602,1209,
山东大学,广西,历史类,2025,特殊类型批,602,1200,
深圳大学,广西,历史类,2025,本科批,598,1427,10
对外经济贸易大学,广西,历史类,2025,本科提前批,598,1427,8
华东师范大学,广西,历史类,2025,本科提前批,598,1427,
中国海洋大学,广西,历史类,2025,本科提前批,598,1417,
北京外国语大学,广西,历史类,2025,本科批,597,1508,
北京科技大学,广西,历史类,2025,本科批,596,1496,6
苏州大学,广西,历史类,2025,本科批,596,1568,
华中师范大学,广西,历史类,2025,本科批,594,1686,
华中师范大学,广西,历史类,2025,本科提前批,593,1754,
西南大学,广西,历史类,2025,本科提前批,593,1754,
南京师范大学,广西,历史类,2025,特殊类型批,592,1814,
华东理工大学,广西,历史类,2025,本科批,591,1897,
山东大学,广西,历史类,2025,本科批,591,1897,32
首都师范大学,广西,历史类,2025,本科提前批,591,1886,
华中师范大学,广西,历史类,2025,特殊类型批,591,1886,
中国传媒大学,广西,历史类,2025,本科提前批,590,1967,
兰州大学,广西,历史类,2025,本科批,589,2041,16
上海财经大学,广西,历史类,2025,本科批,587,2177,
中国海洋大学,广西,历史类,2025,本科批,586,2251,
东北师范大学,广西,历史类,2025,本科提前批,586,2251,
中国海洋大学,广西,历史类,2025,特殊类型批,586,2241,
上海大学,广西,历史类,2025,本科批,585,2320,
中国地质大学(武汉),广西,历史类,2025,本科批,585,2320,
中南财经政法大学,广西,历史类,2025,特殊类型批,585,2308,
北京化工大学,广西,历史类,2025,本科批,584,2401,
北京中医药大学,广西,历史类,2025,本科批,584,2401,
中国石油大学(华东),广西,历史类,2025,本科批,584,2401,
中央民族大学,广西,历史类,2025,本科批,582,2563,
安徽大学,广西,历史类,2025,本科批,582,2563,
武汉理工大学,广西,历史类,2025,本科批,582,2563,
中国地质大学(北京),广西,历史类,2025,本科批,582,2563,
南京理工大学,广西,历史类,2025,本科批,581,2664,
中央财经大学,广西,历史类,2025,本科批,580,2769,
中国矿业大学,广西,历史类,2025,本科批,580,2751,
吉林大学,广西,历史类,2025,本科批,579,2847,19
中国人民公安大学,广西,历史类,2025,本科提前批,579,2847,
中国传媒大学,广西,历史类,2025,本科批,577,3030,
华东政法大学,广西,历史类,2025,本科批,577,3030,
江南大学,广西,历史类,2025,本科批,577,3030,6
厦门大学,广西,历史类,2025,本科批,577,3030,
吉林大学,广西,历史类,2025,特殊类型批,577,3011,
西南大学,广西,历史类,2025,特殊类型批,577,3011,
汕头大学,广西,历史类,2025,本科批,576,3117,17
北京林业大学,广西,历史类,2025,本科批,575,3209,
湖南师范大学,广西,历史类,2025,本科批,575,3209,
深圳技术大学,广西,历史类,2025,本科批,575,3209,7
河南财经政法大学,广西,历史类,2025,本科批,573,3375,2
西南财经大学,广西,历史类,2025,本科批,572,3504,
西北大学,广西,历史类,2025,本科批,572,3504,
广州大学,广西,历史类,2025,本科批,572,3504,
武警警官学院,广西,历史类,2025,本科提前批,572,3483,
华北电力大学,广西,历史类,2025,本科批,569,3827,
湘潭大学,广西,历史类,2025,本科批,568,3954,54
广东工业大学,广西,历史类,2025,本科批,568,3954,14
南方医科大学,广西,历史类,2025,本科批,568,3954,
中国消防救援学院,广西,历史类,2025,本科提前批,568,3934,
广西大学,广西,历史类,2025,本科批,567,4063,
南京信息工程大学,广西,历史类,2025,本科批,566,4178,17
西南石油大学,广西,历史类,2025,本科批,566,4178,
合肥工业大学,广西,历史类,2025,本科批,566,4178,
东北师范大学,广西,历史类,2025,本科批,565,4274,
贵州大学,广西,历史类,2025,本科批,565,4274,
首都经济贸易大学,广西,历史类,2025,本科批,564,4390,
西南交通大学,广西,历史类,2025,本科批,562,4633,22
中央戏剧学院,广西,历史类,2025,本科批,561,4749,
大连海事大学,广西,历史类,2025,本科批,561,4749,
重庆中医药学院,广西,历史类,2025,本科批,561,4614,
北京工商大学,广西,历史类,2025,本科批,560,4865,5
南京师范大学,广西,历史类,2025,本科批,560,4884,
上海政法学院,广西,历史类,2025,本科批,560,4884,
上海海洋大学,广西,历史类,2025,本科批,559,5015,
广西师范大学,广西,历史类,2025,本科提前批,559,5015,
广东警官学院,广西,历史类,2025,本科批,558,5108,
江苏大学,广西,历史类,2025,本科批,557,5273,20
上海海事大学,广西,历史类,2025,本科批,556,5404,
浙江农林大学,广西,历史类,2025,本科批,556,5404,7
南通大学,广西,历史类,2025,本科批,555,5551,22
浙江工商大学,广西,历史类,2025,本科批,555,5551,33
南华大学,广西,历史类,2025,本科批,555,5551,
温州大学,广西,历史类,2025,本科批,554,5701,
武汉科技大学,广西,历史类,2025,本科批,554,5701,
长沙理工大学,广西,历史类,2025,本科批,554,5701,
中国石油大学(北京)克拉玛依校区,广西,历史类,2025,本科批,554,5680,
贵州大学,广西,历史类,2025,特殊类型批,554,5680,
上海体育大学,广西,历史类,2025,本科批,553,5863,
湖北大学,广西,历史类,2025,本科批,553,5841,
四川外国语大学,广西,历史类,2025,本科提前批,553,5863,
南京工业大学,广西,历史类,2025,本科批,552,6012,21
安徽农业大学,广西,历史类,2025,本科批,552,6012,2
中国民航大学,广西,历史类,2025,本科批,550,6318,
江汉大学,广西,历史类,2025,本科批,550,6318,
东北农业大学,广西,历史类,2025,本科批,549,6461,
浙江师范大学,广西,历史类,2025,本科批,549,6461,37
重庆交通大学,广西,历史类,2025,本科批,549,6461,12
重庆理工大学,广西,历史类,2025,本科批,549,6461,12
宁夏大学,广西,历史类,2025,本科批,548,6623,
中南财经政法大学,广西,历史类,2025,本科批,547,6769,
西南财经大学,广西,历史类,2025,特殊类型批,547,6747,
苏州科技大学,广西,历史类,2025,本科批,546,6937,
上海对外经贸大学,广西,历史类,2025,本科批,545,7097,
江苏科技大学,广西,历史类,2025,本科批,545,7097,8
嘉兴大学,广西,历史类,2025,本科批,545,7097,
北部湾大学,广西,历史类,2025,本科提前批,545,7097,
杭州师范大学,广西,历史类,2025,本科批,544,7226,4
湖北师范大学,广西,历史类,2025,本科批,542,7543,
中国刑事警察学院,广西,历史类,2025,本科提前批,542,7543,16
西南科技大学,广西,历史类,2025,本科批,541,7708,
重庆科技大学,广西,历史类,2025,本科批,540,7916,6
福建师范大学,广西,历史类,2025,本科批,539,8078,47
中南林业科技大学,广西,历史类,2025,本科批,539,8078,20
甘肃政法大学,广西,历史类,2025,本科批,539,8047,
贺州学院,广西,历史类,2025,本科提前批,539,8078,31
浙江传媒学院,广西,历史类,2025,本科批,538,8248,
成都师范学院,广西,历史类,2025,本科批,538,8248,
宁波大学,广西,历史类,2025,本科批,537,8448,
华北理工大学,广西,历史类,2025,本科批,536,8626,9
石家庄铁道大学,广西,历史类,2025,本科批,536,8626,
济南大学,广西,历史类,2025,本科批,536,8626,
上海立信会计金融学院,广西,历史类,2025,本科批,536,8626,
中央美术学院,广西,历史类,2025,本科批,535,8770,
浙江中医药大学,广西,历史类,2025,本科批,535,8808,5
西交利物浦大学,广西,历史类,2025,本科批,535,8770,
江苏师范大学,广西,历史类,2025,本科批,534,8997,
华侨大学,广西,历史类,2025,本科批,534,8997,
福建农林大学,广西,历史类,2025,本科批,534,8997,10
南昌航空大学,广西,历史类,2025,本科批,534,8997,6
广东技术师范大学,广西,历史类,2025,本科批,534,8959,2
四川外国语大学,广西,历史类,2025,本科批,534,8997,
安徽师范大学,广西,历史类,2025,本科批,533,9192,
上海师范大学,广西,历史类,2025,本科批,532,9393,
浙江海洋大学,广西,历史类,2025,本科批,531,9579,14
山东财经大学,广西,历史类,2025,本科批,531,9579,
石河子大学,广西,历史类,2025,本科批,531,9579,12
江西理工大学,广西,历史类,2025,本科批,530,9781,10
河南工业大学,广西,历史类,2025,本科批,530,9781,12
西南医科大学,广西,历史类,2025,本科批,530,9781,
上海工程技术大学,广西,历史类,2025,本科批,530,9781,
四川警察学院,广西,历史类,2025,本科批,530,9734,
山东政法学院,广西,历史类,2025,本科批,530,9781,
浙江外国语学院,广西,历史类,2025,本科批,530,9781,38
中北大学,广西,历史类,2025,本科批,529,9982,3
新疆大学,广西,历史类,2025,本科批,529,9982,
天津工业大学,广西,历史类,2025,本科批,528,10216,7
安徽财经大学,广西,历史类,2025,本科批,528,10216,37
福建理工大学,广西,历史类,2025,本科批,528,10216,26
赣南师范大学,广西,历史类,2025,本科批,528,10216,14
郑州轻工业大学,广西,历史类,2025,本科批,528,10216,
浙江科技大学,广西,历史类,2025,本科批,527,10417,18
西北政法大学,广西,历史类,2025,本科批,526,10620,
嘉兴南湖学院,广西,历史类,2025,本科批,526,10620,
华东师范大学,广西,历史类,2025,特殊类型批,526,10584,
四川师范大学,广西,历史类,2025,本科批,525,10837,
云南中医药大学,广西,历史类,2025,本科批,525,10837,2
佛山大学,广西,历史类,2025,本科批,525,10804,5
上海第二工业大学,广西,历史类,2025,本科批,525,10837,
鲁东大学,广西,历史类,2025,本科批,524,11053,
北京联合大学,广西,历史类,2025,本科批,524,11053,
广西科技师范学院,广西,历史类,2025,本科提前批,524,11053,37
上海理工大学,广西,历史类,2025,本科批,523,11262,
常州大学,广西,历史类,2025,本科批,523,11262,23
集美大学,广西,历史类,2025,本科批,523,11262,30
山东理工大学,广西,历史类,2025,本科批,523,11237,
广西大学,广西,历史类,2025,特殊类型批,523,11237,
华北水利水电大学,广西,历史类,2025,本科批,522,11478,15
河南大学,广西,历史类,2025,本科批,522,11478,
重庆师范大学,广西,历史类,2025,本科批,521,11700,50
广西师范大学,广西,历史类,2025,本科批,520,11918,
延安大学,广西,历史类,2025,本科批,520,11918,14
西安邮电大学,广西,历史类,2025,本科批,520,11918,
温州理工学院,广西,历史类,2025,本科批,520,11918,
广西中医药大学,广西,历史类,2025,本科提前批,520,11918,46
中央财经大学,广西,历史类,2025,特殊类型批,520,11897,
河南理工大学,广西,历史类,2025,本科批,519,12149,4
广东石油化工学院,广西,历史类,2025,本科批,519,12149,8
贵州财经大学,广西,历史类,2025,本科批,518,12346,
北方工业大学,广西,历史类,2025,本科批,517,12590,
内蒙古大学,广西,历史类,2025,本科批,517,12590,10
江西水利电力大学,广西,历史类,2025,本科批,516,12819,
湖北第二师范学院,广西,历史类,2025,本科批,516,12819,
合肥大学,广西,历史类,2025,本科批,515,13031,
中国劳动关系学院,广西,历史类,2025,本科批,515,13031,
苏州工学院,广西,历史类,2025,本科批,514,13276,11
安徽中医药大学,广西,历史类,2025,本科批,514,13276,5
绵阳师范学院,广西,历史类,2025,本科批,514,13276,4
西南民族大学,广西,历史类,2025,本科批,514,13276,154
南京工程学院,广西,历史类,2025,本科批,514,13276,
大连大学,广西,历史类,2025,本科批,513,13511,13
绍兴文理学院,广西,历史类,2025,本科批,512,13734,30
武汉商学院,广西,历史类,2025,本科批,512,13734,
重庆工商大学,广西,历史类,2025,本科批,512,13734,
临沂大学,广西,历史类,2025,本科批,511,13971,
北京物资学院,广西,历史类,2025,本科批,510,14210,
辽宁师范大学,广西,历史类,2025,本科批,509,14453,45
湖州学院,广西,历史类,2025,本科批,509,14453,23
江西科技师范大学,广西,历史类,2025,本科批,508,14702,
天津师范大学,广西,历史类,2025,本科批,507,14929,
湖州师范学院,广西,历史类,2025,本科批,507,14929,12
湖北经济学院,广西,历史类,2025,本科批,507,14929,
苏州城市学院,广西,历史类,2025,本科批,507,14929,33
安庆师范大学,广西,历史类,2025,本科批,506,15152,25
湖南工程学院,广西,历史类,2025,本科批,506,15115,
长春理工大学,广西,历史类,2025,本科批,505,15372,
西华师范大学,广西,历史类,2025,本科批,505,15411,
长沙学院,广西,历史类,2025,本科批,505,15372,15
江苏第二师范学院,广西,历史类,2025,本科批,505,15411,15
曲阜师范大学,广西,历史类,2025,本科批,504,15679,
大理大学,广西,历史类,2025,本科批,504,15679,15
郑州航空工业管理学院,广西,历史类,2025,本科批,503,15915,
甘肃中医药大学,广西,历史类,2025,本科批,503,15915,3
徐州工程学院,广西,历史类,2025,本科批,503,15915,
宁波工程学院,广西,历史类,2025,本科批,503,15915,26
嘉应学院,广西,历史类,2025,本科批,502,16163,2
河北大学,广西,历史类,2025,本科批,501,16441,
河北科技大学,广西,历史类,2025,本科批,501,16441,6
四川音乐学院,广西,历史类,2025,本科批,501,16406,
常州工学院,广西,历史类,2025,本科批,501,16441,25
上海商学院,广西,历史类,2025,本科批,501,16441,
昆明理工大学,广西,历史类,2025,本科批,500,16739,
青岛大学,广西,历史类,2025,本科批,500,16739,
福建江夏学院,广西,历史类,2025,本科批,500,16739,
延边大学,广西,历史类,2025,本科批,499,16990,
湘南学院,广西,历史类,2025,本科批,499,16957,10
金陵科技学院,广西,历史类,2025,本科批,499,16990,19
重庆文理学院,广西,历史类,2025,本科批,498,17215,6
西北师范大学,广西,历史类,2025,本科批,498,17256,
大连外国语大学,广西,历史类,2025,本科批,497,17548,39
遵义医科大学,广西,历史类,2025,本科批,497,17502,11
陕西理工大学,广西,历史类,2025,本科批,497,17548,
重庆第二师范学院,广西,历史类,2025,本科批,497,17548,
西华大学,广西,历史类,2025,本科批,495,18022,
扬州大学,广西,历史类,2025,本科批,495,18022,30
海南医科大学,广西,历史类,2025,本科批,495,17502,3
山西师范大学,广西,历史类,2025,本科批,494,18290,20
新余学院,广西,历史类,2025,本科批,494,18290,8
厦门理工学院,广西,历史类,2025,本科批,493,18556,36
北京石油化工学院,广西,历史类,2025,本科批,492,18817,
中国民用航空飞行学院,广西,历史类,2025,本科批,491,19122,9
云南农业大学,广西,历史类,2025,本科批,491,19122,14
宜宾学院,广西,历史类,2025,本科批,490,19383,10
成都体育学院,广西,历史类,2025,本科批,490,19383,
兰州交通大学,广西,历史类,2025,本科批,490,19383,
山东第一医科大学,广西,历史类,2025,本科批,489,19611,9
广西中医药大学,广西,历史类,2025,本科批,489,19655,297
厦门大学嘉庚学院,广西,历史类,2025,本科批,489,19655,20
山东交通学院,广西,历史类,2025,本科批,488,19909,14
洛阳理工学院,广西,历史类,2025,本科批,487,20194,
中华女子学院,广西,历史类,2025,本科批,487,20194,28
山东师范大学,广西,历史类,2025,本科批,486,20508,
武汉轻工大学,广西,历史类,2025,本科批,486,20508,
四川文理学院,广西,历史类,2025,本科批,486,19611,9
云南民族大学,广西,历史类,2025,本科批,485,20796,
四川旅游学院,广西,历史类,2025,本科批,485,20748,4
赣南科技学院,广西,历史类,2025,本科批,485,20796,
昆明学院,广西,历史类,2025,本科批,484,21061,7
天水师范大学,广西,历史类,2025,本科批,483,21363,
九江学院,广西,历史类,2025,本科批,483,21316,
黑龙江大学,广西,历史类,2025,本科批,482,21649,
淮阴师范学院,广西,历史类,2025,本科批,482,21649,
黄冈师范学院,广西,历史类,2025,本科批,481,21909,37
宿迁学院,广西,历史类,2025,本科批,481,21959,
肇庆学院,广西,历史类,2025,本科批,480,22257,21
渭南师范学院,广西,历史类,2025,本科批,480,21604,14
保山学院,广西,历史类,2025,本科批,479,22533,5
湖南工业大学,广西,历史类,2025,本科批,479,22533,
山西医科大学,广西,历史类,2025,本科批,478,22829,9
广西中医药大学赛恩斯新医药学院,广西,历史类,2025,本科批,478,22485,
广西科技大学,广西,历史类,2025,本科批,477,23117,211
攀枝花学院,广西,历史类,2025,本科批,477,23065,3
海南师范大学,广西,历史类,2025,本科批,477,23117,41
南京传媒学院,广西,历史类,2025,本科批,476,23065,
大连工业大学,广西,历史类,2025,本科批,475,23714,2
北华大学,广西,历史类,2025,本科批,475,23714,21
玉溪师范学院,广西,历史类,2025,本科批,475,23769,6
台州学院,广西,历史类,2025,本科批,474,24125,16
聊城大学,广西,历史类,2025,本科批,474,24077,
湖北医药学院,广西,历史类,2025,本科批,474,24125,
三明学院,广西,历史类,2025,本科批,474,24125,17
河南工程学院,广西,历史类,2025,本科批,473,24444,
吉林财经大学,广西,历史类,2025,本科批,472,24774,
怀化学院,广西,历史类,2025,本科批,472,24774,
平顶山学院,广西,历史类,2025,本科批,472,24719,
山东工商学院,广西,历史类,2025,本科批,471,25085,
大连民族大学,广西,历史类,2025,本科批,471,25085,
青岛理工大学,广西,历史类,2025,本科批,470,25427,
湖北文理学院,广西,历史类,2025,本科批,470,25427,
长治学院,广西,历史类,2025,本科批,469,25704,4
长江师范学院,广西,历史类,2025,本科批,469,25758,
兰州财经大学,广西,历史类,2025,本科批,469,25758,
山西农业大学,广西,历史类,2025,本科批,468,26075,
山东第二医科大学,广西,历史类,2025,本科批,468,26075,16
桂林电子科技大学,广西,历史类,2025,本科批,468,26075,
六盘水师范学院,广西,历史类,2025,本科批,468,26023,2
南京特殊教育师范学院,广西,历史类,2025,本科批,468,26075,38
凯里学院,广西,历史类,2025,本科批,467,26368,5
衢州学院,广西,历史类,2025,本科批,467,26418,21
南昌医学院,广西,历史类,2025,本科批,467,26368,
喀什大学,广西,历史类,2025,本科批,466,26419,2
沈阳大学,广西,历史类,2025,本科批,466,26785,28
北华航天工业学院,广西,历史类,2025,本科批,466,26785,8
山西工程技术学院,广西,历史类,2025,本科批,465,27078,
东北石油大学,广西,历史类,2025,本科批,464,27482,17
许昌学院,广西,历史类,2025,本科批,464,27421,33
湖北民族大学,广西,历史类,2025,本科批,464,27421,
浙江万里学院,广西,历史类,2025,本科批,464,27482,
榆林学院,广西,历史类,2025,本科批,464,27482,
汉江师范学院,广西,历史类,2025,本科批,463,27844,22
海南大学,广西,历史类,2025,本科批,463,27779,
北部湾大学,广西,历史类,2025,特殊类型批,463,27779,
天津农学院,广西,历史类,2025,本科批,462,28196,18
铜仁学院,广西,历史类,2025,本科批,462,28196,6
东北林业大学,广西,历史类,2025,本科批,461,28557,
山西中医药大学,广西,历史类,2025,本科批,461,28491,12
宝鸡文理学院,广西,历史类,2025,本科批,460,28881,10
湖北理工学院,广西,历史类,2025,本科批,460,28818,
哈尔滨商业大学,广西,历史类,2025,本科批,459,29234,
济宁学院,广西,历史类,2025,本科批,459,29173,
咸阳师范学院,广西,历史类,2025,本科批,459,27779,24
吉林警察学院,广西,历史类,2025,本科批,459,29234,
天津职业技术师范大学,广西,历史类,2025,本科批,458,29625,
滨州医学院,广西,历史类,2025,本科批,457,29930,
广西科技大学,广西,历史类,2025,特殊类型批,457,29930,6
广西中医药大学,广西,历史类,2025,特殊类型批,457,29930,12
北京体育大学,广西,历史类,2025,本科批,456,30333,
齐鲁工业大学,广西,历史类,2025,本科批,456,30333,
湖南科技学院,广西,历史类,2025,本科批,456,30333,
玉林师范学院,广西,历史类,2025,本科批,456,30333,
浙江机电职业技术大学,广西,历史类,2025,本科批,456,29566,
南阳师范学院,广西,历史类,2025,本科批,455,30716,33
湖北汽车工业学院,广西,历史类,2025,本科批,455,30716,
成都东软学院,广西,历史类,2025,本科批,455,30668,
山东石油化工学院,广西,历史类,2025,本科批,455,30668,2
黑龙江中医药大学,广西,历史类,2025,本科批,454,31108,17
海南热带海洋学院,广西,历史类,2025,本科批,454,31108,
廊坊师范学院,广西,历史类,2025,本科批,452,31888,10
内蒙古科技大学,广西,历史类,2025,本科批,452,31888,
龙岩学院,广西,历史类,2025,本科批,452,31888,
长春大学,广西,历史类,2025,本科批,452,31888,28
忻州师范学院,广西,历史类,2025,本科批,451,32280,7
桂林理工大学,广西,历史类,2025,本科批,451,32280,
吕梁学院,广西,历史类,2025,本科批,451,32228,1
枣庄学院,广西,历史类,2025,本科批,451,32228,5
防灾科技学院,广西,历史类,2025,本科批,451,32280,
德州学院,广西,历史类,2025,本科批,450,32672,15
安康学院,广西,历史类,2025,本科批,450,32623,25
内蒙古财经大学,广西,历史类,2025,本科批,449,33031,
太原学院,广西,历史类,2025,本科批,449,33031,
吉林医药学院,广西,历史类,2025,本科批,449,33077,
广西财经学院,广西,历史类,2025,特殊类型批,449,32673,
吉林师范大学,广西,历史类,2025,本科批,448,33481,
齐齐哈尔大学,广西,历史类,2025,本科批,448,33481,
安顺学院,广西,历史类,2025,本科批,448,33481,3
宁夏师范大学,广西,历史类,2025,本科批,448,33481,8
文山学院,广西,历史类,2025,本科批,448,32228,10
贺州学院,广西,历史类,2025,特殊类型批,448,33435,8
江西飞行学院,广西,历史类,2025,本科批,447,33855,2
辽宁中医药大学,广西,历史类,2025,本科批,446,34186,
吉林建筑大学,广西,历史类,2025,本科批,446,32623,
哈尔滨师范大学,广西,历史类,2025,本科批,446,34243,
吉首大学,广西,历史类,2025,本科批,446,34243,
辽宁科技学院,广西,历史类,2025,本科批,446,34243,10
陕西学前师范学院,广西,历史类,2025,本科批,446,34243,
右江民族医学院,广西,历史类,2025,本科批,445,34629,340
山东女子学院,广西,历史类,2025,本科批,445,34629,3
桂林电子科技大学,广西,历史类,2025,特殊类型批,445,34573,
晋中学院,广西,历史类,2025,本科批,444,34573,
江西中医药大学,广西,历史类,2025,本科批,444,34964,
河南医药大学,广西,历史类,2025,本科批,444,35028,6
广西科技师范学院,广西,历史类,2025,本科批,443,35455,
广西财经学院,广西,历史类,2025,本科批,443,35455,
广西科技师范学院,广西,历史类,2025,特殊类型批,443,35389,
太原师范学院,广西,历史类,2025,本科批,442,35856,
吉林工程技术师范学院,广西,历史类,2025,本科批,442,35788,10
黑龙江八一农垦大学,广西,历史类,2025,本科批,442,35788,
中原工学院,广西,历史类,2025,本科批,442,35856,
河南城建学院,广西,历史类,2025,本科批,442,35788,5
贺州学院,广西,历史类,2025,本科批,442,35856,847
石家庄铁道大学四方学院,广西,历史类,2025,本科批,442,35788,2
大庆师范学院,广西,历史类,2025,本科批,441,35389,28
郑州工程技术学院,广西,历史类,2025,本科批,441,36198,
吉林工商学院,广西,历史类,2025,本科批,441,36271,40
北部湾大学,广西,历史类,2025,本科批,441,36271,
运城学院,广西,历史类,2025,本科批,440,35389,
辽东学院,广西,历史类,2025,本科批,440,36677,
河北科技工程职业技术大学,广西,历史类,2025,本科批,440,34964,
河北环境工程学院,广西,历史类,2025,本科批,440,36677,6
百色学院,广西,历史类,2025,特殊类型批,440,36602,20
哈尔滨学院,广西,历史类,2025,本科批,439,37006,
广西艺术学院,广西,历史类,2025,本科批,439,37070,
齐齐哈尔医学院,广西,历史类,2025,本科批,439,37070,
新疆科技学院,广西,历史类,2025,本科批,439,37006,
张家口学院,广西,历史类,2025,本科批,439,36678,10
桂林航天工业学院,广西,历史类,2025,特殊类型批,439,37006,
广西中医药大学,广西,历史类,2025,专科批,438,37006,30
广州铁路职业技术学院,广西,历史类,2025,专科批,438,37474,
内蒙古工业大学,广西,历史类,2025,本科批,438,37408,
桂林航天工业学院,广西,历史类,2025,本科批,438,37474,
集宁师范学院,广西,历史类,2025,本科批,437,37006,19
黑龙江工业学院,广西,历史类,2025,本科批,437,37408,60
绥化学院,广西,历史类,2025,本科批,436,38277,25
桂林医科大学,广西,历史类,2025,本科批,436,38277,
呼和浩特民族学院,广西,历史类,2025,本科批,436,38277,21
重庆财经学院,广西,历史类,2025,本科批,436,38277,
山西大同大学,广西,历史类,2025,本科批,435,38711,26
长春工业大学,广西,历史类,2025,本科批,435,38711,17
长春师范大学,广西,历史类,2025,本科批,435,38711,42
牡丹江师范学院,广西,历史类,2025,本科批,434,39109,22
百色学院,广西,历史类,2025,本科批,434,39109,760
河池学院,广西,历史类,2025,特殊类型批,434,39045,30
黑龙江科技大学,广西,历史类,2025,本科批,433,39562,
福州大学至诚学院,广西,历史类,2025,本科批,433,39562,8
北方民族大学,广西,历史类,2025,本科批,432,39986,
汉江师范学院,广西,历史类,2025,专科批,431,39498,4
哈尔滨医科大学,广西,历史类,2025,本科批,429,41317,5
湖南人文科技学院,广西,历史类,2025,本科批,429,41317,14
广西医科大学,广西,历史类,2025,本科批,429,41317,
河池学院,广西,历史类,2025,本科批,429,41317,879
东南大学成贤学院,广西,历史类,2025,本科批,429,41317,
桂林旅游学院,广西,历史类,2025,本科批,428,41731,
重庆工程学院,广西,历史类,2025,本科批,428,41731,
漳州职业技术学院,广西,历史类,2025,专科批,426,42630,
上海中医药大学,广西,历史类,2025,本科批,426,42560,
广西中医药大学,广西,历史类,2025,专科提前批,425,43085,29
河北师范大学,广西,历史类,2025,本科批,424,43539,10
西南交通大学希望学院,广西,历史类,2025,本科批,424,43539,
安徽第二医学院,广西,历史类,2025,专科批,423,44036,7
广州职业技术大学,广西,历史类,2025,专科批,423,42133,20
重庆移通学院,广西,历史类,2025,本科批,423,44036,
天津医科大学临床医学院,广西,历史类,2025,本科批,422,42560,
浙江机电职业技术大学,广西,历史类,2025,专科批,421,43476,
贵州黔南科技学院,广西,历史类,2025,本科批,421,44865,6
琼台师范学院,广西,历史类,2025,本科批,421,44923,
江西应用技术职业学院,广西,历史类,2025,专科批,420,45323,1
西昌学院,广西,历史类,2025,本科批,420,45323,
杭州科技职业技术学院,广西,历史类,2025,专科批,419,45825,5
河北金融学院,广西,历史类,2025,本科批,419,45825,15
襄阳职业技术学院,广西,历史类,2025,专科批,418,46270,10
重庆外语外事学院,广西,历史类,2025,本科批,418,43976,
安徽中医药高等专科学校,广西,历史类,2025,专科批,417,46725,20
宜春职业技术学院,广西,历史类,2025,专科批,417,46658,2
浙江工业大学之江学院,广西,历史类,2025,本科批,417,46725,36
武汉工商学院,广西,历史类,2025,本科批,416,47173,
沈阳师范大学,广西,历史类,2025,本科批,415,47576,61
昆明城市学院,广西,历史类,2025,本科批,415,47576,20
鞍山师范学院,广西,历史类,2025,本科批,414,47968,
南昌交通学院,广西,历史类,2025,本科批,414,48032,
西南财经大学天府学院,广西,历史类,2025,本科批,414,48032,
浙江经贸职业技术学院,广西,历史类,2025,专科批,413,48514,10
广西医科大学,广西,历史类,2025,专科批,412,48968,
武汉民政职业学院,广西,历史类,2025,专科批,412,48968,9
桂林学院,广西,历史类,2025,本科批,412,48968,375
黑河学院,广西,历史类,2025,本科批,412,48968,
成都锦城学院,广西,历史类,2025,本科批,412,48968,
滇池学院,广西,历史类,2025,本科批,411,49427,7
江西医学高等专科学校,广西,历史类,2025,专科批,408,48902,
成都银杏酒店管理学院,广西,历史类,2025,本科批,408,50838,
南京财经大学红山学院,广西,历史类,2025,本科批,408,50838,
渤海船舶职业学院,广西,历史类,2025,专科提前批,407,51212,
南阳理工学院,广西,历史类,2025,本科批,407,51212,17
南京师范大学泰州学院,广西,历史类,2025,本科批,407,51280,
东莞职业技术学院,广西,历史类,2025,专科批,406,51712,
大连东软信息学院,广西,历史类,2025,本科批,406,51653,
浙江树人学院,广西,历史类,2025,本科批,405,52179,27
温州医科大学仁济学院,广西,历史类,2025,本科批,405,52179,22
内蒙古大学创业学院,广西,历史类,2025,本科批,405,52179,16
河南师范大学,广西,历史类,2025,本科批,403,53141,
吉林外国语大学,广西,历史类,2025,本科批,403,53141,
宁波大学科学技术学院,广西,历史类,2025,本科批,403,53141,
重庆人文科技学院,广西,历史类,2025,本科批,403,53084,
天津外国语大学滨海外事学院,广西,历史类,2025,本科批,403,53141,
西安培华学院,广西,历史类,2025,本科批,402,53615,
西京学院,广西,历史类,2025,本科批,402,53615,13
武汉工程大学邮电与信息工程学院,广西,历史类,2025,本科批,402,53615,
杭州电子科技大学信息工程学院,广西,历史类,2025,本科批,402,53615,
浙江农林大学暨阳学院,广西,历史类,2025,本科批,402,53615,
浙江工商大学杭州商学院,广西,历史类,2025,本科批,402,53615,36
浙江财经大学东方学院,广西,历史类,2025,本科批,402,53615,27
温州商学院,广西,历史类,2025,本科批,402,53549,6
柳州工学院,广西,历史类,2025,本科批,402,53615,
天津商业大学宝德学院,广西,历史类,2025,本科批,402,53615,
苏州大学应用技术学院,广西,历史类,2025,本科批,402,53615,40
内蒙古鸿德文理学院,广西,历史类,2025,本科批,402,53615,
浙江商业职业技术学院,广西,历史类,2025,专科批,401,54094,12
河南医学高等专科学校,广西,历史类,2025,专科批,401,54023,
江苏城市职业学院,广西,历史类,2025,专科批,397,55999,
抚州医药学院,广西,历史类,2025,专科批,396,56508,
河南推拿职业学院,广西,历史类,2025,专科批,396,56420,3
上海旅游高等专科学校,广西,历史类,2025,专科批,395,54488,12
广西职业技术学院,广西,历史类,2025,专科批,395,56996,626
厦门城市职业学院,广西,历史类,2025,专科批,395,56996,
湖北铁道运输职业学院,广西,历史类,2025,专科批,395,56996,9
武汉华夏理工学院,广西,历史类,2025,本科批,395,56996,
上海行健职业学院,广西,历史类,2025,专科批,394,54982,
河北化工医药职业技术学院,广西,历史类,2025,专科批,394,57399,2
连云港职业技术学院,广西,历史类,2025,专科批,392,58418,
楚雄医药高等专科学校,广西,历史类,2025,专科批,391,58923,4
重庆幼儿师范高等专科学校,广西,历史类,2025,专科批,391,58923,
长春光华学院,广西,历史类,2025,本科批,391,58418,
漳州卫生职业学院,广西,历史类,2025,专科批,390,59523,16
贵州护理职业技术学院,广西,历史类,2025,专科批,390,59446,5
海南卫生健康职业学院,广西,历史类,2025,专科批,390,59523,
福建电力职业技术学院,广西,历史类,2025,专科批,389,59953,
齐齐哈尔工程学院,广西,历史类,2025,本科批,389,60026,9
湖北职业技术学院,广西,历史类,2025,专科批,388,60523,48
重庆财经职业学院,广西,历史类,2025,专科批,388,58418,
西安交通工程学院,广西,历史类,2025,本科批,388,60523,
广州工程技术职业学院,广西,历史类,2025,专科批,387,60922,6
河北轨道运输职业技术学院,广西,历史类,2025,专科批,387,60994,
上海农林职业技术学院,广西,历史类,2025,专科批,386,61483,
重庆工程职业技术学院,广西,历史类,2025,专科批,385,61957,3
云南财经职业学院,广西,历史类,2025,专科批,385,61887,8
广州大学,广西,历史类,2025,特殊类型批,385,61887,
上海工商职业技术学院,广西,历史类,2025,专科批,382,63446,
信阳职业技术学院,广西,历史类,2025,专科批,381,64032,12
镇江市高等专科学校,广西,历史类,2025,专科批,378,62920,5
湖南汽车工程职业大学,广西,历史类,2025,专科批,375,67174,
四川水利职业技术学院,广西,历史类,2025,专科批,373,68198,
徐州幼儿师范高等专科学校,广西,历史类,2025,专科批,373,68113,
长春人文学院,广西,历史类,2025,本科批,372,68725,
黎明职业大学,广西,历史类,2025,专科批,371,69282,17
贵阳职业技术学院,广西,历史类,2025,专科批,369,70384,
黑龙江护理高等专科学校,广西,历史类,2025,专科批,368,70927,
广东茂名幼儿师范专科学校,广西,历史类,2025,专科批,368,68113,
上海杉达学院,广西,历史类,2025,本科批,368,70927,
浙江工业职业技术学院,广西,历史类,2025,专科批,367,71374,5
西安明德理工学院,广西,历史类,2025,本科批,367,71456,
重庆工贸职业技术学院,广西,历史类,2025,专科批,366,71374,10
江苏电子信息职业学院,广西,历史类,2025,专科批,365,69199,
厦门工学院,广西,历史类,2025,本科批,365,72512,11
临汾职业技术学院,广西,历史类,2025,专科批,364,72964,2
忻州职业技术学院,广西,历史类,2025,专科批,364,72964,
湄洲湾职业技术学院,广西,历史类,2025,专科批,359,72964,15
枣庄职业学院,广西,历史类,2025,专科批,359,75762,10
上海现代化工职业学院,广西,历史类,2025,专科批,358,74595,
云南林业职业技术学院,广西,历史类,2025,专科批,357,76689,
安阳职业技术学院,广西,历史类,2025,专科批,355,77790,
江西航空职业技术学院,广西,历史类,2025,专科提前批,351,79853,7
海南经贸职业技术学院,广西,历史类,2025,专科批,349,80859,
重庆化工职业学院,广西,历史类,2025,专科批,348,79781,10
浙江安防职业技术学院,广西,历史类,2025,专科批,347,81858,
广西水利电力职业技术学院,广西,历史类,2025,专科批,345,82956,
江西机电职业技术学院,广西,历史类,2025,专科批,344,83478,11
云南能源职业技术学院,广西,历史类,2025,专科批,344,83478,3
广西信息职业技术学院,广西,历史类,2025,专科批,343,83974,73
闽西职业技术学院,广西,历史类,2025,专科批,342,84493,36
河南应用技术职业学院,广西,历史类,2025,专科批,340,83890,
广西体育高等专科学校,广西,历史类,2025,专科批,339,85980,
江汉艺术职业学院,广西,历史类,2025,专科批,339,85980,15
广西建设职业技术学院,广西,历史类,2025,专科批,334,88369,
河北交通职业技术学院,广西,历史类,2025,专科批,333,88761,
鹤壁职业技术学院,广西,历史类,2025,专科批,330,90257,
山东信息职业技术学院,广西,历史类,2025,专科提前批,330,90257,
三门峡职业技术学院,广西,历史类,2025,专科批,325,92582,
西南交通大学希望学院,广西,历史类,2025,专科批,323,93462,
黑龙江农垦职业学院,广西,历史类,2025,专科批,316,96497,19
海南外国语职业学院,广西,历史类,2025,专科批,311,98464,
桂林旅游学院,广西,历史类,2025,专科批,309,99249,
伊春职业学院,广西,历史类,2025,专科批,306,100354,20
长春金融高等专科学校,广西,历史类,2025,专科批,300,102510,5
渤海船舶职业学院,广西,历史类,2025,专科批,296,103777,
山东信息职业技术学院,广西,历史类,2025,专科批,292,105070,
温州商学院,广西,历史类,2025,专科批,292,101067,10
河北科技工程职业技术大学,广西,历史类,2025,专科批,292,103724,
黑龙江农业工程职业学院,广西,历史类,2025,专科批,285,107026,4
辽宁省交通高等专科学校,广西,历史类,2025,专科批,284,107290,
滨州职业学院,广西,历史类,2025,专科提前批,284,107290,
赣南卫生健康职业学院,广西,历史类,2025,专科批,282,107761,
大兴安岭职业学院,广西,历史类,2025,专科批,281,108047,12
辽宁民族师范高等专科学校,广西,历史类,2025,专科批,279,108589,
石家庄幼儿师范高等专科学校,广西,历史类,2025,专科批,277,104383,9
毕节职业技术学院,广西,历史类,2025,专科批,273,109941,3
辽宁农业职业技术学院,广西,历史类,2025,专科批,267,111224,25
南阳职业学院,广西,历史类,2025,专科批,267,108810,
大连职业技术学院,广西,历史类,2025,专科批,266,111446,
辽宁装备制造职业技术学院,广西,历史类,2025,专科批,259,112784,5
六盘水职业技术学院,广西,历史类,2025,专科批,250,114288,22
辽宁生态工程职业学院,广西,历史类,2025,专科批,245,109941,
喀什职业技术学院,广西,历史类,2025,专科批,244,112006,
曲靖健康医学院,广西,历史类,2025,专科批,234,116441,45
重庆建筑科技职业学院,广西,历史类,2025,专科批,221,117746,21
河北旅游职业学院,广西,历史类,2025,专科批,218,117852,5
唐山幼儿师范高等专科学校,广西,历史类,2025,专科批,215,118247,5
大连枫叶职业技术学院,广西,历史类,2025,专科批,213,118389,
盘锦职业技术学院,广西,历史类,2025,专科批,207,118769,
包头轻工职业技术学院,广西,历史类,2025,专科批,203,114720,
大连科技学院,广西,历史类,2025,专科批,200,119153,
广西英华国际职业学院,广西,历史类,2025,专科批,200,119161,
广西工程职业学院,广西,历史类,2025,专科批,200,119161,
桂林信息工程职业学院,广西,历史类,2025,专科批,200,119161,664
三亚护理职业学院,广西,历史类,2025,专科批,200,116216,
东南大学,广西,物理类,2025,本科批,641,918,
哈尔滨工业大学,广西,物理类,2025,本科批,621,2709,
北京大学医学部,广西,物理类,2025,本科批,621,2709,
华东师范大学,广西,物理类,2025,本科批,617,3243,
哈尔滨工业大学,广西,物理类,2025,特殊类型批,610,4347,
上海财经大学,广西,物理类,2025,特殊类型批,608,4759,
深圳大学,广西,物理类,2025,本科批,604,5576,27
西安电子科技大学,广西,物理类,2025,本科批,602,5982,
上海财经大学,广西,物理类,2025,本科批,599,6712,
厦门大学,广西,物理类,2025,特殊类型批,597,7166,
中南大学,广西,物理类,2025,本科批,596,7427,309
广州医科大学,广西,物理类,2025,本科批,596,7427,
对外经济贸易大学,广西,物理类,2025,本科批,595,7692,33
西安交通大学,广西,物理类,2025,本科批,595,7692,
安徽医科大学,广西,物理类,2025,本科批,593,8166,1
北京外国语大学,广西,物理类,2025,本科批,592,8483,
武汉理工大学,广西,物理类,2025,本科批,592,8483,
外交学院,广西,物理类,2025,本科提前批,592,8483,
华东师范大学,广西,物理类,2025,本科提前批,592,8483,
中国刑事警察学院,广西,物理类,2025,本科提前批,588,9666,19
中国传媒大学,广西,物理类,2025,本科提前批,587,9919,
山东大学,广西,物理类,2025,特殊类型批,587,9919,
北京化工大学,广西,物理类,2025,本科批,585,10613,
中国石油大学(北京),广西,物理类,2025,本科批,585,10613,
南京理工大学,广西,物理类,2025,特殊类型批,585,10571,
深圳技术大学,广西,物理类,2025,本科批,584,10937,24
华中师范大学,广西,物理类,2025,本科提前批,583,11251,
吉林大学,广西,物理类,2025,特殊类型批,583,11210,
中南财经政法大学,广西,物理类,2025,特殊类型批,583,11210,
中央财经大学,广西,物理类,2025,本科批,580,12271,
东北师范大学,广西,物理类,2025,本科提前批,578,12990,
西南大学,广西,物理类,2025,本科提前批,578,12990,
苏州大学,广西,物理类,2025,本科批,576,13742,
四川大学,广西,物理类,2025,本科批,576,13742,
山东大学,广西,物理类,2025,本科批,574,14465,117
中国海洋大学,广西,物理类,2025,本科批,574,14465,
华东师范大学,广西,物理类,2025,特殊类型批,574,14420,
南京理工大学,广西,物理类,2025,本科批,573,14810,
西南石油大学,广西,物理类,2025,本科批,573,14810,
大连海事大学,广西,物理类,2025,本科提前批,573,14810,
北京邮电大学,广西,物理类,2025,本科批,572,15172,175
厦门大学,广西,物理类,2025,本科批,572,15172,
中央民族大学,广西,物理类,2025,本科批,571,15577,
吉林大学,广西,物理类,2025,本科批,569,16402,181
北京工业大学,广西,物理类,2025,本科批,567,17219,
华中师范大学,广西,物理类,2025,本科批,567,17219,
南方医科大学,广西,物理类,2025,本科批,567,17219,
华北电力大学,广西,物理类,2025,本科批,566,17655,
中国消防救援学院,广西,物理类,2025,本科提前批,566,17655,
中国石油大学(华东),广西,物理类,2025,特殊类型批,566,17582,
首都医科大学,广西,物理类,2025,本科批,565,18106,
西南财经大学,广西,物理类,2025,本科批,565,18106,
中国人民公安大学,广西,物理类,2025,本科提前批,564,18517,
华东理工大学,广西,物理类,2025,本科批,563,18933,
中国地质大学(武汉),广西,物理类,2025,特殊类型批,563,18857,
华东政法大学,广西,物理类,2025,本科批,562,19388,
汕头大学,广西,物理类,2025,本科批,562,19388,53
上海理工大学,广西,物理类,2025,本科批,560,20247,
福州大学,广西,物理类,2025,本科批,560,20247,75
中国传媒大学,广西,物理类,2025,本科批,558,21165,
安徽大学,广西,物理类,2025,本科批,558,21165,
河南财经政法大学,广西,物理类,2025,本科批,557,21548,1
西北大学,广西,物理类,2025,本科批,557,21622,
广州大学,广西,物理类,2025,本科批,557,21548,
燕山大学,广西,物理类,2025,本科批,556,22096,
广东警官学院,广西,物理类,2025,本科批,556,22022,
浙江理工大学,广西,物理类,2025,本科批,555,22493,
中国计量大学,广西,物理类,2025,本科批,554,23001,136
西南大学,广西,物理类,2025,特殊类型批,554,22932,
北京中医药大学,广西,物理类,2025,本科批,553,23486,
湘潭大学,广西,物理类,2025,本科批,553,23486,175
华中师范大学,广西,物理类,2025,特殊类型批,553,23423,
天津工业大学,广西,物理类,2025,本科批,552,24025,58
中国石油大学(华东),广西,物理类,2025,本科批,552,24025,
中国民航大学,广西,物理类,2025,本科批,551,24557,
南京师范大学,广西,物理类,2025,特殊类型批,551,24488,
北京体育大学,广西,物理类,2025,本科批,550,25054,
大连海事大学,广西,物理类,2025,特殊类型批,550,24987,
中国地质大学(北京),广西,物理类,2025,特殊类型批,550,24987,
中国矿业大学,广西,物理类,2025,本科批,549,25556,
中国海洋大学,广西,物理类,2025,特殊类型批,549,25474,
西南财经大学,广西,物理类,2025,特殊类型批,549,25474,
上海大学,广西,物理类,2025,本科批,548,26081,
上海海事大学,广西,物理类,2025,本科提前批,548,26081,
东北林业大学,广西,物理类,2025,特殊类型批,547,26494,
北京科技大学,广西,物理类,2025,本科批,546,27102,75
河北工业大学,广西,物理类,2025,本科批,546,27102,
浙江工业大学,广西,物理类,2025,本科批,546,27102,124
广东工业大学,广西,物理类,2025,本科批,546,27102,68
东北师范大学,广西,物理类,2025,本科批,545,27615,
南京邮电大学,广西,物理类,2025,本科批,545,27615,144
中国民航大学,广西,物理类,2025,本科提前批,545,27533,
南京工业大学,广西,物理类,2025,本科批,544,28197,154
江南大学,广西,物理类,2025,特殊类型批,542,28668,1
上海海事大学,广西,物理类,2025,本科批,541,29816,
中国地质大学(武汉),广西,物理类,2025,本科批,541,29816,
广东技术师范大学,广西,物理类,2025,本科批,541,29736,2
中国矿业大学,广西,物理类,2025,特殊类型批,541,29736,
武警警官学院,广西,物理类,2025,本科提前批,540,30396,
中国石油大学(北京)克拉玛依校区,广西,物理类,2025,特殊类型批,540,30312,
西南科技大学,广西,物理类,2025,本科批,539,30952,
中国石油大学(北京)克拉玛依校区,广西,物理类,2025,本科批,538,31480,
北京林业大学,广西,物理类,2025,本科批,537,31969,
中央美术学院,广西,物理类,2025,本科批,537,31969,
哈尔滨理工大学,广西,物理类,2025,本科批,537,32063,
重庆理工大学,广西,物理类,2025,本科批,537,32063,39
大连海事大学,广西,物理类,2025,本科批,536,32671,
南京信息工程大学,广西,物理类,2025,本科批,536,32671,115
武汉科技大学,广西,物理类,2025,本科批,536,32671,
中南财经政法大学,广西,物理类,2025,本科批,536,32671,
上海政法学院,广西,物理类,2025,本科批,536,32671,
首都经济贸易大学,广西,物理类,2025,本科批,535,33209,
承德医学院,广西,物理类,2025,本科批,535,33123,3
江南大学,广西,物理类,2025,本科批,535,33209,41
长沙理工大学,广西,物理类,2025,本科批,535,33209,
重庆医科大学,广西,物理类,2025,本科批,535,33209,
川北医学院,广西,物理类,2025,本科批,535,33209,
中国人民解放军陆军军医大学,广西,物理类,2025,本科批,535,33209,
重庆交通大学,广西,物理类,2025,本科提前批,535,33209,
上海海洋大学,广西,物理类,2025,本科批,533,34403,
上海对外经贸大学,广西,物理类,2025,本科批,532,34984,
广西师范大学,广西,物理类,2025,本科提前批,532,34984,
广西大学,广西,物理类,2025,本科批,531,35554,
西南交通大学,广西,物理类,2025,本科批,531,35554,188
四川外国语大学,广西,物理类,2025,本科提前批,531,35554,
集美大学,广西,物理类,2025,本科提前批,530,36129,40
石家庄铁道大学,广西,物理类,2025,本科批,528,36059,
合肥工业大学,广西,物理类,2025,本科批,528,37290,
广州航海学院,广西,物理类,2025,本科提前批,528,37290,1
上海中医药大学,广西,物理类,2025,本科批,526,38572,
浙江工商大学,广西,物理类,2025,本科批,526,38572,85
中北大学,广西,物理类,2025,本科批,525,39224,71
沈阳航空航天大学,广西,物理类,2025,本科批,525,39224,
常州大学,广西,物理类,2025,本科批,523,40405,89
西安邮电大学,广西,物理类,2025,本科批,522,41118,
内蒙古大学,广西,物理类,2025,本科批,521,41730,43
江苏大学,广西,物理类,2025,本科批,521,41730,163
南通大学,广西,物理类,2025,本科批,520,42427,111
温州医科大学,广西,物理类,2025,本科批,520,42339,
东华理工大学,广西,物理类,2025,本科批,520,42427,
贵州大学,广西,物理类,2025,本科批,520,42427,
浙江海洋大学,广西,物理类,2025,本科提前批,520,,
南京工程学院,广西,物理类,2025,本科批,519,43068,
中国地质大学(北京),广西,物理类,2025,本科批,519,43068,
湖南师范大学,广西,物理类,2025,本科批,518,43759,
兰州交通大学,广西,物理类,2025,本科批,518,43759,
四川警察学院,广西,物理类,2025,本科批,518,43675,
上海体育大学,广西,物理类,2025,本科批,517,44350,
苏州科技大学,广西,物理类,2025,本科批,515,45653,
浙江师范大学,广西,物理类,2025,本科批,515,45653,77
西交利物浦大学,广西,物理类,2025,本科批,515,45575,
贵州大学,广西,物理类,2025,特殊类型批,515,45575,
北京工商大学,广西,物理类,2025,本科批,514,46302,27
华南农业大学,广西,物理类,2025,本科批,514,46302,132
兰州大学,广西,物理类,2025,本科批,514,46302,83
北京建筑大学,广西,物理类,2025,本科批,513,46998,
南昌航空大学,广西,物理类,2025,本科批,513,46998,96
青岛大学,广西,物理类,2025,本科批,512,47719,
重庆科技大学,广西,物理类,2025,本科批,512,47719,56
成都中医药大学,广西,物理类,2025,本科批,511,48401,
宁波大学,广西,物理类,2025,本科批,510,49057,
嘉兴大学,广西,物理类,2025,本科批,509,49727,
浙江科技大学,广西,物理类,2025,本科批,508,50421,147
五邑大学,广西,物理类,2025,本科批,508,50421,25
北方工业大学,广西,物理类,2025,本科批,507,51095,
四川外国语大学,广西,物理类,2025,本科批,506,51773,
延边大学,广西,物理类,2025,本科批,505,52406,
长春理工大学,广西,物理类,2025,本科批,505,52479,
贺州学院,广西,物理类,2025,本科提前批,505,52479,27
湖北师范大学,广西,物理类,2025,本科批,504,53196,
集美大学,广西,物理类,2025,本科批,503,53907,160
宁夏大学,广西,物理类,2025,本科批,503,53907,
石河子大学,广西,物理类,2025,本科批,503,53907,102
扬州大学,广西,物理类,2025,本科批,503,53826,113
百色学院,广西,物理类,2025,本科提前批,503,53907,27
浙江农林大学,广西,物理类,2025,本科批,502,54640,122
浙江传媒学院,广西,物理类,2025,本科批,502,54640,
河北工程大学,广西,物理类,2025,本科批,501,55344,
广东药科大学,广西,物理类,2025,本科批,501,55344,
北京中医药大学,广西,物理类,2025,特殊类型批,501,55260,
广东石油化工学院,广西,物理类,2025,本科批,500,56053,39
南昌医学院,广西,物理类,2025,本科批,500,56053,
湖北大学,广西,物理类,2025,本科批,499,56773,
中国民用航空飞行学院,广西,物理类,2025,本科批,499,56773,154
青海大学,广西,物理类,2025,本科批,499,56773,
广西科技师范学院,广西,物理类,2025,本科提前批,499,56773,81
江苏科技大学,广西,物理类,2025,本科批,498,57486,157
厦门理工学院,广西,物理类,2025,本科批,498,57486,150
山东交通学院,广西,物理类,2025,本科提前批,498,57486,7
山东政法学院,广西,物理类,2025,本科批,497,57392,
华东理工大学,广西,物理类,2025,特殊类型批,497,58241,
哈尔滨医科大学,广西,物理类,2025,本科批,496,58922,45
重庆中医药学院,广西,物理类,2025,本科批,496,58830,
北京石油化工学院,广西,物理类,2025,本科批,495,59660,
江苏师范大学,广西,物理类,2025,本科批,495,59660,
湖南科技学院,广西,物理类,2025,本科批,495,59660,
上海立信会计金融学院,广西,物理类,2025,本科批,495,59660,
佛山大学,广西,物理类,2025,本科批,495,59660,35
苏州城市学院,广西,物理类,2025,本科批,495,59660,34
广西大学,广西,物理类,2025,特殊类型批,495,59660,
大理大学,广西,物理类,2025,本科批,494,60368,34
海南热带海洋学院,广西,物理类,2025,本科提前批,494,60269,
安徽农业大学,广西,物理类,2025,本科批,493,61075,34
西南医科大学,广西,物理类,2025,本科批,493,61075,
温州理工学院,广西,物理类,2025,本科批,493,61075,
桂林电子科技大学,广西,物理类,2025,本科批,491,62591,
西华师范大学,广西,物理类,2025,本科批,491,62591,
江汉大学,广西,物理类,2025,本科批,491,59559,
北京联合大学,广西,物理类,2025,本科批,491,62591,
苏州工学院,广西,物理类,2025,本科批,490,63355,82
浙江海洋大学,广西,物理类,2025,本科批,490,63253,166
青岛科技大学,广西,物理类,2025,本科批,490,63355,89
上海第二工业大学,广西,物理类,2025,本科批,490,63355,
河南工业大学,广西,物理类,2025,本科批,489,64069,108
四川师范大学,广西,物理类,2025,本科批,489,64069,
北华航天工业学院,广西,物理类,2025,本科批,489,64069,17
浙江外国语学院,广西,物理类,2025,本科批,489,64069,32
福建理工大学,广西,物理类,2025,本科批,488,64850,195
东北林业大学,广西,物理类,2025,本科批,487,65660,
浙江中医药大学,广西,物理类,2025,本科批,487,65660,124
湖州学院,广西,物理类,2025,本科批,487,65660,87
嘉兴南湖学院,广西,物理类,2025,本科批,487,65660,
河北医科大学,广西,物理类,2025,本科批,486,66326,
成都师范学院,广西,物理类,2025,本科批,486,66437,
右江民族医学院,广西,物理类,2025,本科提前批,486,66437,
上海师范大学,广西,物理类,2025,本科批,485,67256,
南京师范大学,广西,物理类,2025,本科批,485,67256,
绍兴文理学院,广西,物理类,2025,本科批,485,67256,90
杭州师范大学,广西,物理类,2025,本科批,484,68033,147
华侨大学,广西,物理类,2025,本科批,483,68798,
长沙学院,广西,物理类,2025,本科批,483,68798,25
桂林医科大学,广西,物理类,2025,本科提前批,483,68798,
北京物资学院,广西,物理类,2025,本科批,482,69556,
宜宾学院,广西,物理类,2025,本科批,481,70383,12
武汉商学院,广西,物理类,2025,本科批,481,70383,
广西中医药大学,广西,物理类,2025,本科提前批,481,70383,104
山东财经大学,广西,物理类,2025,本科批,480,71200,
山东第一医科大学,广西,物理类,2025,本科批,479,72028,26
浙江水利水电学院,广西,物理类,2025,本科批,479,72028,135
云南中医药大学,广西,物理类,2025,本科批,478,72805,26
上海商学院,广西,物理类,2025,本科批,478,72805,
河北中医药大学,广西,物理类,2025,本科批,478,72805,
河南大学,广西,物理类,2025,本科批,477,73610,
中国劳动关系学院,广西,物理类,2025,本科批,477,73610,
临沂大学,广西,物理类,2025,本科批,476,74272,
贵州财经大学,广西,物理类,2025,本科批,476,74398,
桂林电子科技大学,广西,物理类,2025,特殊类型批,476,74272,
北京服装学院,广西,物理类,2025,本科批,475,75232,9
中华女子学院,广西,物理类,2025,本科批,475,75232,15
湖北汽车工业学院,广西,物理类,2025,本科批,474,73483,
湘南学院,广西,物理类,2025,本科批,474,76051,33
湖北第二师范学院,广西,物理类,2025,本科批,474,76051,
台州学院,广西,物理类,2025,本科批,473,76847,129
齐鲁工业大学,广西,物理类,2025,本科批,473,76718,
河南理工大学,广西,物理类,2025,本科批,473,76847,56
西华大学,广西,物理类,2025,本科批,473,76847,
江西农业大学,广西,物理类,2025,本科批,472,77678,
徐州工程学院,广西,物理类,2025,本科批,472,77678,
湖北经济学院,广西,物理类,2025,本科批,472,77678,
山东科技大学,广西,物理类,2025,本科批,470,79359,76
重庆第二师范学院,广西,物理类,2025,本科批,470,79359,
重庆文理学院,广西,物理类,2025,本科批,468,80975,50
西北师范大学,广西,物理类,2025,本科批,468,81076,
四川旅游学院,广西,物理类,2025,本科批,468,80975,6
华北理工大学,广西,物理类,2025,本科批,467,81900,54
东北电力大学,广西,物理类,2025,本科批,467,81900,102
济南大学,广西,物理类,2025,本科批,467,81900,
长春中医药大学,广西,物理类,2025,本科批,466,82743,86
上海健康医学院,广西,物理类,2025,本科批,466,82743,
重庆工商大学,广西,物理类,2025,本科批,466,81901,
杭州医学院,广西,物理类,2025,本科批,466,82743,120
山东石油化工学院,广西,物理类,2025,本科批,466,82743,9
河北大学,广西,物理类,2025,本科批,465,83554,
上海工程技术大学,广西,物理类,2025,本科批,465,83554,
吉首大学,广西,物理类,2025,本科批,464,84409,
肇庆学院,广西,物理类,2025,本科批,464,84409,24
江苏第二师范学院,广西,物理类,2025,本科批,464,84409,25
贵州理工学院,广西,物理类,2025,本科批,464,84409,10
安徽中医药大学,广西,物理类,2025,本科批,463,85253,27
成都体育学院,广西,物理类,2025,本科批,463,85253,
北部湾大学,广西,物理类,2025,本科提前批,463,85253,
福建师范大学,广西,物理类,2025,本科批,461,87005,131
江西理工大学,广西,物理类,2025,本科批,461,87005,52
广西中医药大学,广西,物理类,2025,本科批,461,87005,1887
新疆大学,广西,物理类,2025,本科批,461,87005,
陕西理工大学,广西,物理类,2025,本科批,460,87862,
海南医科大学,广西,物理类,2025,本科批,460,87862,85
宿迁学院,广西,物理类,2025,本科批,460,86891,
山东第二医科大学,广西,物理类,2025,本科批,459,88684,37
黄冈师范学院,广西,物理类,2025,本科批,459,88684,46
嘉应学院,广西,物理类,2025,本科批,459,88684,21
遵义医科大学,广西,物理类,2025,本科批,459,88560,40
衢州学院,广西,物理类,2025,本科批,459,88560,81
湖州师范学院,广西,物理类,2025,本科批,458,86891,58
常州工学院,广西,物理类,2025,本科批,458,89560,75
浙江机电职业技术大学,广西,物理类,2025,本科批,458,89560,
广西医科大学,广西,物理类,2025,本科提前批,458,89560,
金陵科技学院,广西,物理类,2025,本科批,457,90446,71
温州大学,广西,物理类,2025,本科批,456,91323,
郑州轻工业大学,广西,物理类,2025,本科批,456,91323,
湖北文理学院,广西,物理类,2025,本科批,456,91202,
肇庆医学院,广西,物理类,2025,本科批,456,91323,10
怀化学院,广西,物理类,2025,本科批,455,92075,
青岛理工大学,广西,物理类,2025,本科批,454,93095,
广西师范大学,广西,物理类,2025,本科批,454,93095,
福建江夏学院,广西,物理类,2025,本科批,454,93095,
西安工程大学,广西,物理类,2025,本科批,453,94044,8
攀枝花学院,广西,物理类,2025,本科批,453,93925,9
海南师范大学,广西,物理类,2025,本科批,453,94044,55
内蒙古财经大学,广西,物理类,2025,本科批,452,94814,
皖西学院,广西,物理类,2025,本科批,451,94814,
山东航空学院,广西,物理类,2025,本科批,451,95857,
桂林理工大学,广西,物理类,2025,本科批,451,95857,
湖北理工学院,广西,物理类,2025,本科批,451,95857,
江西科技师范大学,广西,物理类,2025,本科批,451,95857,
甘肃政法大学,广西,物理类,2025,本科批,451,95857,
西昌学院,广西,物理类,2025,本科批,450,96794,
蚌埠学院,广西,物理类,2025,本科批,449,93925,40
玉溪师范学院,广西,物理类,2025,本科批,449,97701,6
沈阳师范大学,广西,物理类,2025,本科批,448,98624,43
山东理工大学,广西,物理类,2025,本科批,448,98624,
武汉轻工大学,广西,物理类,2025,本科批,448,98500,
浙江万里学院,广西,物理类,2025,本科批,448,98624,
山东农业大学,广西,物理类,2025,本科批,447,99491,
济宁学院,广西,物理类,2025,本科批,447,99362,
凯里学院,广西,物理类,2025,本科批,447,99362,5
文山学院,广西,物理类,2025,本科批,447,99362,5
大连民族大学,广西,物理类,2025,本科批,447,99491,
南京传媒学院,广西,物理类,2025,本科批,447,99362,
浙江药科职业大学,广西,物理类,2025,本科批,447,99491,
宁波工程学院,广西,物理类,2025,本科批,446,100421,214
河北科技大学,广西,物理类,2025,本科批,444,102212,8
福建农林大学,广西,物理类,2025,本科批,444,102212,194
重庆师范大学,广西,物理类,2025,本科批,444,102212,76
洛阳理工学院,广西,物理类,2025,本科批,444,102212,
汉江师范学院,广西,物理类,2025,本科批,443,103112,42
海南热带海洋学院,广西,物理类,2025,本科批,443,103112,
北部湾大学,广西,物理类,2025,本科批,443,103112,
沈阳工程学院,广西,物理类,2025,本科批,443,102972,
太原师范学院,广西,物理类,2025,本科批,442,104077,
广西科技大学,广西,物理类,2025,特殊类型批,442,103930,54
郑州航空工业管理学院,广西,物理类,2025,本科批,441,105031,
昆明学院,广西,物理类,2025,本科批,441,105031,29
山西农业大学,广西,物理类,2025,本科批,440,105951,
大连外国语大学,广西,物理类,2025,本科批,440,105951,32
保山学院,广西,物理类,2025,本科批,440,105807,5
山东工商学院,广西,物理类,2025,本科批,440,105951,
河北北方学院,广西,物理类,2025,本科批,439,106909,25
吉林师范大学,广西,物理类,2025,本科批,439,106909,
淮南师范学院,广西,物理类,2025,本科批,439,106767,
中原工学院,广西,物理类,2025,本科批,439,106909,
安阳工学院,广西,物理类,2025,本科批,439,106909,18
榆林学院,广西,物理类,2025,本科批,439,106909,
黑龙江科技大学,广西,物理类,2025,本科批,438,107823,
新余学院,广西,物理类,2025,本科批,438,107684,18
南阳理工学院,广西,物理类,2025,本科批,438,107684,78
北部湾大学,广西,物理类,2025,特殊类型批,438,107684,
广西科技大学,广西,物理类,2025,本科批,437,108796,3917
广西中医药大学,广西,物理类,2025,特殊类型批,437,108657,28
宝鸡文理学院,广西,物理类,2025,本科批,436,109807,18
湖南工学院,广西,物理类,2025,本科批,436,109807,84
三明学院,广西,物理类,2025,本科批,435,110788,180
湖南汽车工程职业大学,广西,物理类,2025,本科批,435,110788,
铜陵学院,广西,物理类,2025,本科批,434,108657,10
南京特殊教育师范学院,广西,物理类,2025,本科批,434,111731,78
兰州资源环境职业技术大学,广西,物理类,2025,本科批,434,107684,
聊城大学,广西,物理类,2025,本科批,433,112512,
延安大学,广西,物理类,2025,本科批,433,112512,33
河南工程学院,广西,物理类,2025,本科批,433,112650,
辽宁工业大学,广西,物理类,2025,本科批,432,113586,
兰州财经大学,广西,物理类,2025,本科批,432,113586,
河南工学院,广西,物理类,2025,本科批,432,108657,
赣南科技学院,广西,物理类,2025,本科批,432,113586,
江西飞行学院,广西,物理类,2025,本科批,431,114555,18
广西财经学院,广西,物理类,2025,特殊类型批,431,113587,
西南民族大学,广西,物理类,2025,本科批,430,115535,307
咸阳师范学院,广西,物理类,2025,本科批,430,115535,34
天水师范大学,广西,物理类,2025,本科批,430,113460,
河北环境工程学院,广西,物理类,2025,本科批,430,112512,9
华北水利水电大学,广西,物理类,2025,本科批,429,116561,69
东北石油大学,广西,物理类,2025,本科批,429,116561,173
淮阴师范学院,广西,物理类,2025,本科批,429,116561,
海南大学,广西,物理类,2025,本科批,429,116561,
昆明医科大学,广西,物理类,2025,本科批,429,116561,
云南民族大学,广西,物理类,2025,本科批,429,116561,
龙岩学院,广西,物理类,2025,本科批,429,116561,
防灾科技学院,广西,物理类,2025,本科批,429,116561,
南华大学,广西,物理类,2025,本科批,428,117563,
安顺学院,广西,物理类,2025,本科批,428,117422,7
成都东软学院,广西,物理类,2025,本科批,428,113460,
湖南工程学院,广西,物理类,2025,本科批,427,118564,
吉林警察学院,广西,物理类,2025,本科批,427,118417,
九江学院,广西,物理类,2025,本科批,427,118564,
宁夏医科大学,广西,物理类,2025,本科批,426,119410,
平顶山学院,广西,物理类,2025,本科批,425,118417,
廊坊师范学院,广西,物理类,2025,本科批,424,121551,15
大连医科大学,广西,物理类,2025,本科批,424,121394,
吉林建筑大学,广西,物理类,2025,本科批,424,121394,
江西中医药大学,广西,物理类,2025,本科批,424,121551,
贺州学院,广西,物理类,2025,本科批,424,121551,2836
贵州中医药大学时珍学院,广西,物理类,2025,本科批,424,120389,
桂林航天工业学院,广西,物理类,2025,特殊类型批,424,121394,
青岛农业大学,广西,物理类,2025,本科批,423,122533,67
右江民族医学院,广西,物理类,2025,本科批,423,122533,2037
甘肃中医药大学,广西,物理类,2025,本科批,423,122533,73
枣庄学院,广西,物理类,2025,本科批,423,117422,9
湖北医药学院,广西,物理类,2025,本科批,423,122533,
沈阳大学,广西,物理类,2025,本科批,423,122379,110
上海电子信息职业技术学院,广西,物理类,2025,专科批,422,123398,
山西大同大学,广西,物理类,2025,本科批,422,123398,40
晋中学院,广西,物理类,2025,本科批,422,122379,
辽宁石油化工大学,广西,物理类,2025,本科批,422,123552,71
牡丹江医科大学,广西,物理类,2025,本科批,422,119410,
广西艺术学院,广西,物理类,2025,本科批,422,123552,
重庆交通大学,广西,物理类,2025,本科批,422,123552,113
湖南工业大学,广西,物理类,2025,本科批,422,123552,
贺州学院,广西,物理类,2025,特殊类型批,422,123398,41
太原学院,广西,物理类,2025,本科批,421,124396,
右江民族医学院,广西,物理类,2025,特殊类型批,421,124396,
河南医药大学,广西,物理类,2025,本科批,420,125542,24
绵阳师范学院,广西,物理类,2025,本科批,420,125394,14
齐齐哈尔医学院,广西,物理类,2025,本科批,420,122379,
广西科技师范学院,广西,物理类,2025,本科批,420,125542,
河南城建学院,广西,物理类,2025,本科批,420,124396,56
山东女子学院,广西,物理类,2025,本科批,420,125542,11
茅台学院,广西,物理类,2025,本科批,420,125542,
滨州医学院,广西,物理类,2025,本科批,419,126522,
南阳师范学院,广西,物理类,2025,本科批,419,126522,83
四川文理学院,广西,物理类,2025,本科批,419,126377,12
长江师范学院,广西,物理类,2025,本科批,419,126377,
河北科技师范学院,广西,物理类,2025,本科批,419,121394,
北方民族大学,广西,物理类,2025,本科批,419,126522,
长春汽车职业技术大学,广西,物理类,2025,本科批,419,126522,58
桂林航天工业学院,广西,物理类,2025,本科批,419,126522,
营口理工学院,广西,物理类,2025,本科批,419,126522,81
广西科技师范学院,广西,物理类,2025,特殊类型批,419,126377,
浙江机电职业技术大学,广西,物理类,2025,专科批,418,127514,
河北建筑工程学院,广西,物理类,2025,本科批,418,127514,
山西师范大学,广西,物理类,2025,本科批,418,127514,31
内蒙古科技大学,广西,物理类,2025,本科批,418,127514,
内蒙古农业大学,广西,物理类,2025,本科批,418,127514,
赣南师范大学,广西,物理类,2025,本科批,418,127514,18
河南师范大学,广西,物理类,2025,本科批,418,127514,
云南农业大学,广西,物理类,2025,本科批,418,127514,93
山西中医药大学,广西,物理类,2025,本科批,418,127514,50
吕梁学院,广西,物理类,2025,本科批,418,127365,4
六盘水师范学院,广西,物理类,2025,本科批,418,127514,9
郑州工程技术学院,广西,物理类,2025,本科批,418,127365,
集宁师范学院,广西,物理类,2025,本科批,418,127514,11
呼和浩特民族学院,广西,物理类,2025,本科批,418,127514,9
广州铁路职业技术学院,广西,物理类,2025,专科批,417,128515,
齐齐哈尔大学,广西,物理类,2025,本科批,417,128515,
哈尔滨学院,广西,物理类,2025,本科批,417,128515,
宁夏师范大学,广西,物理类,2025,本科批,417,128515,24
石家庄铁道大学四方学院,广西,物理类,2025,本科批,417,128358,8
山西工程技术学院,广西,物理类,2025,本科批,417,128515,
河北水利电力学院,广西,物理类,2025,本科批,416,129363,10
运城学院,广西,物理类,2025,本科批,416,129363,
黑龙江中医药大学,广西,物理类,2025,本科批,416,129527,192
广西医科大学,广西,物理类,2025,本科批,416,129527,
玉林师范学院,广西,物理类,2025,本科批,416,129527,
百色学院,广西,物理类,2025,本科批,416,129527,1931
吉林工商学院,广西,物理类,2025,本科批,416,129527,85
山西医科大学,广西,物理类,2025,本科批,415,130487,55
长治学院,广西,物理类,2025,本科批,415,130327,6
吉林化工大学,广西,物理类,2025,本科批,415,130487,
齐鲁医药学院,广西,物理类,2025,本科批,415,130487,
安康学院,广西,物理类,2025,本科批,415,130327,24
西安航空学院,广西,物理类,2025,本科批,415,130487,
桂林旅游学院,广西,物理类,2025,本科批,415,130487,
辽宁中医药大学,广西,物理类,2025,本科批,414,131573,
牡丹江师范学院,广西,物理类,2025,本科批,414,131573,39
济宁医学院,广西,物理类,2025,本科批,414,131573,
许昌学院,广西,物理类,2025,本科批,414,131573,47
湖南人文科技学院,广西,物理类,2025,本科批,414,131573,23
昆明理工大学,广西,物理类,2025,本科批,414,131573,
广西财经学院,广西,物理类,2025,本科批,414,131573,
昆明医科大学海源学院,广西,物理类,2025,本科批,414,131573,
黑河学院,广西,物理类,2025,本科批,414,126377,
百色学院,广西,物理类,2025,特殊类型批,414,131421,30
郑州电力高等专科学校,广西,物理类,2025,专科批,413,132435,
江西应用技术职业学院,广西,物理类,2025,专科批,413,132435,1
长治医学院,广西,物理类,2025,本科批,413,132594,19
德州学院,广西,物理类,2025,本科批,413,132435,22
泰山学院,广西,物理类,2025,本科批,413,132594,20
渭南师范学院,广西,物理类,2025,本科批,413,132594,53
喀什大学,广西,物理类,2025,本科批,413,131574,4
辽宁科技学院,广西,物理类,2025,本科批,413,132594,93
新疆科技学院,广西,物理类,2025,本科批,413,132435,
广西中医药大学赛恩斯新医药学院,广西,物理类,2025,本科批,413,131422,
成都锦城学院,广西,物理类,2025,本科批,413,132594,
张家口学院,广西,物理类,2025,本科批,413,131574,10
广州职业技术大学,广西,物理类,2025,专科批,412,129363,50
天津职业技术师范大学,广西,物理类,2025,本科批,412,133647,
大连工业大学,广西,物理类,2025,本科批,412,133647,65
鞍山师范学院,广西,物理类,2025,本科批,412,133647,
辽东学院,广西,物理类,2025,本科批,412,133647,
肇庆医学院,广西,物理类,2025,专科批,411,133471,23
吉林农业大学,广西,物理类,2025,本科批,411,134467,
太原工业学院,广西,物理类,2025,本科批,411,134467,9
河池学院,广西,物理类,2025,特殊类型批,411,134467,55
长春大学,广西,物理类,2025,本科批,410,135628,81
吉林医药学院,广西,物理类,2025,本科批,410,135628,
琼台师范学院,广西,物理类,2025,本科批,410,135628,
内蒙古工业大学,广西,物理类,2025,本科批,409,136597,
长春工业大学,广西,物理类,2025,本科批,409,136597,94
吉林工程技术师范学院,广西,物理类,2025,本科批,409,136597,130
佳木斯大学,广西,物理类,2025,本科批,409,136597,
大庆师范学院,广西,物理类,2025,本科批,409,136597,32
绥化学院,广西,物理类,2025,本科批,409,136424,55
宜春学院,广西,物理类,2025,本科批,409,136597,19
黑龙江工业学院,广西,物理类,2025,本科批,409,136597,140
重庆财经学院,广西,物理类,2025,本科批,409,136597,
天津农学院,广西,物理类,2025,本科批,408,137473,180
天津师范大学,广西,物理类,2025,本科批,408,137639,
北华大学,广西,物理类,2025,本科批,408,137473,68
广州软件学院,广西,物理类,2025,本科批,407,138585,
杭州科技职业技术学院,广西,物理类,2025,专科批,406,138410,3
安徽师范大学,广西,物理类,2025,本科批,406,139558,
长春工程学院,广西,物理类,2025,本科批,406,139558,
河北科技工程职业技术大学,广西,物理类,2025,本科批,406,139395,
漳州职业技术学院,广西,物理类,2025,专科批,405,140562,
忻州师范学院,广西,物理类,2025,本科批,405,140562,15
黑龙江八一农垦大学,广西,物理类,2025,本科批,405,140562,
杭州电子科技大学信息工程学院,广西,物理类,2025,本科批,405,140399,
重庆三峡医药高等专科学校,广西,物理类,2025,专科批,404,141579,
长春职业技术大学,广西,物理类,2025,本科批,404,141414,
广西中医药大学,广西,物理类,2025,专科批,403,142567,270
河北师范大学,广西,物理类,2025,本科批,403,142407,4
厦门大学嘉庚学院,广西,物理类,2025,本科批,403,142567,81
重庆人文科技学院,广西,物理类,2025,本科批,403,142407,
广西中医药大学,广西,物理类,2025,专科提前批,402,143607,71
河池学院,广西,物理类,2025,本科批,402,143607,1830
商丘工学院,广西,物理类,2025,本科批,402,140399,10
西南交通大学希望学院,广西,物理类,2025,本科批,402,143459,
沈阳农业大学,广西,物理类,2025,本科批,401,144635,
安庆师范大学,广西,物理类,2025,本科批,401,144635,55
浙江交通职业技术学院,广西,物理类,2025,专科批,400,144483,
安徽财经大学,广西,物理类,2025,本科批,400,145655,81
长春师范大学,广西,物理类,2025,本科批,399,146685,79
南昌交通学院,广西,物理类,2025,本科批,399,146685,
广东水利电力职业技术学院,广西,物理类,2025,专科批,398,147697,
四川铁道职业学院,广西,物理类,2025,专科批,398,147697,
东莞职业技术学院,广西,物理类,2025,专科批,398,141414,
江西水利电力大学,广西,物理类,2025,本科批,398,147697,
浙江经贸职业技术学院,广西,物理类,2025,专科批,397,148749,10
浙江邮电职业技术学院,广西,物理类,2025,专科批,397,141414,10
西南财经大学天府学院,广西,物理类,2025,本科批,397,148749,
广州大学,广西,物理类,2025,特殊类型批,397,148586,
沈阳化工大学,广西,物理类,2025,本科批,396,149764,
沈阳建筑大学,广西,物理类,2025,本科批,395,150802,121
山东交通学院,广西,物理类,2025,本科批,395,150802,56
江苏电子信息职业学院,广西,物理类,2025,专科批,394,151796,
湖北铁道运输职业学院,广西,物理类,2025,专科批,394,147532,11
大连大学,广西,物理类,2025,本科批,394,151796,99
武汉工商学院,广西,物理类,2025,本科批,394,151796,
昆明铁道职业技术学院,广西,物理类,2025,专科批,393,152822,44
河北金融学院,广西,物理类,2025,本科批,393,152822,40
东南大学成贤学院,广西,物理类,2025,本科批,393,152822,
连云港职业技术学院,广西,物理类,2025,专科批,392,153683,
福建电力职业技术学院,广西,物理类,2025,专科批,392,153683,
武汉民政职业学院,广西,物理类,2025,专科批,392,153853,10
江苏城市职业学院,广西,物理类,2025,专科批,391,154864,
湖南汽车工程职业大学,广西,物理类,2025,专科批,391,154694,
福州大学至诚学院,广西,物理类,2025,本科批,391,154864,22
桂林学院,广西,物理类,2025,本科批,391,154864,533
汉江师范学院,广西,物理类,2025,专科批,390,155831,8
沈阳理工大学,广西,物理类,2025,本科批,390,155831,57
重庆外语外事学院,广西,物理类,2025,本科批,390,155831,
哈尔滨商业大学,广西,物理类,2025,本科批,389,156776,
浙江工业大学之江学院,广西,物理类,2025,本科批,389,156776,55
安徽第二医学院,广西,物理类,2025,专科批,388,157760,38
安徽中医药高等专科学校,广西,物理类,2025,专科批,388,157760,20
河北轨道运输职业技术学院,广西,物理类,2025,专科批,388,157602,
上海工商职业技术学院,广西,物理类,2025,专科批,387,158594,
宜春职业技术学院,广西,物理类,2025,专科批,387,152659,8
辽宁师范大学,广西,物理类,2025,本科批,387,158752,67
重庆移通学院,广西,物理类,2025,本科批,387,158752,
陕西学前师范学院,广西,物理类,2025,本科批,387,158752,
抚州医药学院,广西,物理类,2025,专科批,386,159730,
鲁东大学,广西,物理类,2025,本科批,386,159730,
南京财经大学红山学院,广西,物理类,2025,本科批,386,159730,
襄阳职业技术学院,广西,物理类,2025,专科批,385,160748,10
浙江国际海运职业技术学院,广西,物理类,2025,专科批,385,160748,
吉林财经大学,广西,物理类,2025,本科批,385,160748,
山东师范大学,广西,物理类,2025,本科批,384,161760,
温州医科大学仁济学院,广西,物理类,2025,本科批,384,161760,58
浙江工商大学杭州商学院,广西,物理类,2025,本科批,384,161760,64
桂林医科大学,广西,物理类,2025,专科批,383,162623,
红河卫生职业学院,广西,物理类,2025,专科批,383,162623,
曲阜师范大学,广西,物理类,2025,本科批,383,162765,
成都银杏酒店管理学院,广西,物理类,2025,本科批,383,162765,
上海旅游高等专科学校,广西,物理类,2025,专科批,382,156615,9
广西医科大学,广西,物理类,2025,专科批,382,163706,
台州科技职业学院,广西,物理类,2025,专科批,382,163706,
天津外国语大学滨海外事学院,广西,物理类,2025,本科批,382,163706,
重庆工贸职业技术学院,广西,物理类,2025,专科批,381,159567,5
东北农业大学,广西,物理类,2025,本科批,381,164689,
广东东软学院,广西,物理类,2025,本科批,380,165697,
浙江财经大学东方学院,广西,物理类,2025,本科批,380,165697,62
浙江商业职业技术学院,广西,物理类,2025,专科批,379,166682,18
哈尔滨师范大学,广西,物理类,2025,本科批,378,167710,
南京师范大学泰州学院,广西,物理类,2025,本科批,378,167710,
重庆工程职业技术学院,广西,物理类,2025,专科批,377,168720,9
吉林外国语大学,广西,物理类,2025,本科批,377,168720,
海口经济学院,广西,物理类,2025,本科批,377,168584,
重庆工程学院,广西,物理类,2025,本科批,377,168720,
昆明城市学院,广西,物理类,2025,本科批,377,168720,25
江西医学高等专科学校,广西,物理类,2025,专科批,376,169686,
上海行健职业学院,广西,物理类,2025,专科批,376,161617,
武汉工程大学邮电与信息工程学院,广西,物理类,2025,本科批,376,169686,
苏州大学应用技术学院,广西,物理类,2025,本科批,376,169686,40
浙江工业职业技术学院,广西,物理类,2025,专科批,374,171680,25
河南医学高等专科学校,广西,物理类,2025,专科批,374,171533,
河南推拿职业学院,广西,物理类,2025,专科批,373,172507,2
黑龙江大学,广西,物理类,2025,本科批,373,172645,
中南林业科技大学,广西,物理类,2025,本科批,373,172645,150
滇池学院,广西,物理类,2025,本科批,373,172645,9
天津医科大学临床医学院,广西,物理类,2025,本科批,373,172645,
内蒙古鸿德文理学院,广西,物理类,2025,本科批,373,172645,
江苏建筑职业技术学院,广西,物理类,2025,专科批,372,173641,10
广东茂名幼儿师范专科学校,广西,物理类,2025,专科批,372,173517,
天津商业大学宝德学院,广西,物理类,2025,本科批,372,173641,
西安培华学院,广西,物理类,2025,本科批,371,174555,
大连医科大学中山学院,广西,物理类,2025,本科批,371,174555,42
内蒙古大学创业学院,广西,物理类,2025,本科批,371,174555,24
湖北民族大学,广西,物理类,2025,本科批,370,175515,
桂林医科大学,广西,物理类,2025,本科批,370,175515,
浙江树人学院,广西,物理类,2025,本科批,370,175515,72
西京学院,广西,物理类,2025,本科批,370,175515,44
大连科技学院,广西,物理类,2025,本科批,370,175515,
宁波大学科学技术学院,广西,物理类,2025,本科批,370,175515,
浙江理工大学科技与艺术学院,广西,物理类,2025,本科批,370,175515,105
浙江农林大学暨阳学院,广西,物理类,2025,本科批,370,171533,
柳州工学院,广西,物理类,2025,本科批,370,175515,
江西航空职业技术学院,广西,物理类,2025,专科批,369,176484,10
长春金融高等专科学校,广西,物理类,2025,专科批,368,172507,3
四川水利职业技术学院,广西,物理类,2025,专科批,368,177412,
重庆财经职业学院,广西,物理类,2025,专科批,368,174424,
湖北职业技术学院,广西,物理类,2025,专科批,367,178358,59
广西职业技术学院,广西,物理类,2025,专科批,366,179294,1393
西安交通工程学院,广西,物理类,2025,专科批,366,179139,
温州商学院,广西,物理类,2025,本科批,366,179294,13
广州工程技术职业学院,广西,物理类,2025,专科批,365,180214,50
江西制造职业技术学院,广西,物理类,2025,专科批,365,180214,
贵阳职业技术学院,广西,物理类,2025,专科批,365,180214,
云南财经职业学院,广西,物理类,2025,专科批,365,180055,5
贵州护理职业技术学院,广西,物理类,2025,专科批,365,180055,5
漳州卫生职业学院,广西,物理类,2025,专科批,364,181160,44
武汉华夏理工学院,广西,物理类,2025,本科批,364,173517,
兰州资源环境职业技术大学,广西,物理类,2025,专科批,362,181004,
辽宁轨道交通职业学院,广西,物理类,2025,专科批,361,179139,
上海农林职业技术学院,广西,物理类,2025,专科批,361,184025,
重庆幼儿师范高等专科学校,广西,物理类,2025,专科批,361,183887,
信阳职业技术学院,广西,物理类,2025,专科批,360,184797,8
镇江市高等专科学校,广西,物理类,2025,专科批,359,185822,5
辽宁铁道职业技术学院,广西,物理类,2025,专科批,358,186735,
云南能源职业技术学院,广西,物理类,2025,专科批,357,187527,2
湄洲湾职业技术学院,广西,物理类,2025,专科批,357,187670,45
福建水利电力职业技术学院,广西,物理类,2025,专科批,354,190413,
厦门城市职业学院,广西,物理类,2025,专科批,354,190413,
西安交通工程学院,广西,物理类,2025,本科批,354,190413,
江西机电职业技术学院,广西,物理类,2025,专科批,353,191308,19
临汾职业技术学院,广西,物理类,2025,专科批,353,191155,2
重庆化工职业学院,广西,物理类,2025,专科批,353,184797,30
浙江安防职业技术学院,广西,物理类,2025,专科批,352,189353,
海南卫生健康职业学院,广西,物理类,2025,专科批,352,192228,
云南林业职业技术学院,广西,物理类,2025,专科批,350,193940,
楚雄医药高等专科学校,广西,物理类,2025,专科批,350,194079,23
河北科技工程职业技术大学,广西,物理类,2025,专科批,349,195055,
赣南卫生健康职业学院,广西,物理类,2025,专科批,348,195806,
江西水利电力大学,广西,物理类,2025,专科提前批,348,195938,20
江西航空职业技术学院,广西,物理类,2025,专科提前批,348,195938,13
上海现代化工职业学院,广西,物理类,2025,专科批,347,196849,
大连东软信息学院,广西,物理类,2025,本科批,347,196849,
广西水利电力职业技术学院,广西,物理类,2025,专科批,345,198534,
长春人文学院,广西,物理类,2025,本科批,342,201084,
西安明德理工学院,广西,物理类,2025,本科批,342,201084,
长春职业技术大学,广西,物理类,2025,专科批,341,201771,
山东信息职业技术学院,广西,物理类,2025,专科提前批,341,200072,
长春科技学院,广西,物理类,2025,本科批,341,201898,
大连理工大学城市学院,广西,物理类,2025,本科批,340,202789,21
上海杉达学院,广西,物理类,2025,本科批,338,204549,
长春光华学院,广西,物理类,2025,本科批,336,206024,
长春建筑学院,广西,物理类,2025,本科批,335,206953,
三门峡职业技术学院,广西,物理类,2025,专科批,333,206835,
安阳职业技术学院,广西,物理类,2025,专科批,333,208598,
桐城师范高等专科学校,广西,物理类,2025,专科批,333,208598,
厦门工学院,广西,物理类,2025,本科批,333,208598,36
桂林旅游学院,广西,物理类,2025,专科批,332,209403,
齐齐哈尔工程学院,广西,物理类,2025,本科批,331,210156,72
潍坊工程职业学院,广西,物理类,2025,专科提前批,330,210982,
河北化工医药职业技术学院,广西,物理类,2025,专科批,329,211791,8
上海东海职业技术学院,广西,物理类,2025,专科批,327,213165,
海南经贸职业技术学院,广西,物理类,2025,专科批,326,206024,
渤海船舶职业学院,广西,物理类,2025,专科提前批,326,214029,
河南应用技术职业学院,广西,物理类,2025,专科批,324,215422,
广西体育高等专科学校,广西,物理类,2025,专科批,322,217039,
广西建设职业技术学院,广西,物理类,2025,专科批,322,217039,
曲靖健康医学院,广西,物理类,2025,专科批,322,217039,50
闽西职业技术学院,广西,物理类,2025,专科批,320,218513,79
上海震旦职业学院,广西,物理类,2025,专科批,319,219147,
黑龙江护理高等专科学校,广西,物理类,2025,专科批,317,217679,
山东信息职业技术学院,广西,物理类,2025,专科批,315,222059,
广西信息职业技术学院,广西,物理类,2025,专科批,314,222759,888
海南外国语职业学院,广西,物理类,2025,专科批,313,223445,
西南交通大学希望学院,广西,物理类,2025,专科批,308,226704,
濮阳职业技术学院,广西,物理类,2025,专科批,307,221973,10
辽宁省交通高等专科学校,广西,物理类,2025,专科批,305,228607,
黑龙江农业工程职业学院,广西,物理类,2025,专科批,305,228607,5
渤海船舶职业学院,广西,物理类,2025,专科批,304,229264,
石家庄幼儿师范高等专科学校,广西,物理类,2025,专科批,302,230487,6
兰州资源环境职业技术大学,广西,物理类,2025,专科提前批,302,230487,
辽宁农业职业技术学院,广西,物理类,2025,专科批,299,232314,40
河北旅游职业学院,广西,物理类,2025,专科批,291,228543,5
河南交通职业技术学院,广西,物理类,2025,专科提前批,290,237327,
辽宁装备制造职业技术学院,广西,物理类,2025,专科批,287,233460,72
黎明职业大学,广西,物理类,2025,专科批,286,239305,63
六盘水职业技术学院,广西,物理类,2025,专科批,286,239305,23
毕节职业技术学院,广西,物理类,2025,专科批,286,234047,21
鹤壁职业技术学院,广西,物理类,2025,专科批,283,240726,
黑龙江农垦职业学院,广西,物理类,2025,专科批,282,241185,21
喀什职业技术学院,广西,物理类,2025,专科批,282,241185,
唐山幼儿师范高等专科学校,广西,物理类,2025,专科批,279,242522,2
伊春职业学院,广西,物理类,2025,专科批,278,242940,15
包头轻工职业技术学院,广西,物理类,2025,专科批,277,242028,
盘锦职业技术学院,广西,物理类,2025,专科批,274,234047,
廊坊职业技术学院,广西,物理类,2025,专科批,273,245020,5
桂林信息工程职业学院,广西,物理类,2025,专科批,270,235122,1051
大连职业技术学院,广西,物理类,2025,专科批,267,247324,
辽宁民族师范高等专科学校,广西,物理类,2025,专科批,265,241596,
西藏职业技术学院,广西,物理类,2025,专科批,263,245020,14
辽宁生态工程职业学院,广西,物理类,2025,专科批,259,244623,
温州商学院,广西,物理类,2025,专科批,259,249949,15
重庆建筑科技职业学院,广西,物理类,2025,专科批,258,250224,29
大兴安岭职业学院,广西,物理类,2025,专科批,256,246922,38
滨州职业学院,广西,物理类,2025,专科提前批,242,254408,
枣庄职业学院,广西,物理类,2025,专科批,239,255040,30
广西英华国际职业学院,广西,物理类,2025,专科批,236,249284,
大连枫叶职业技术学院,广西,物理类,2025,专科批,224,257684,
大连东软信息学院,广西,物理类,2025,专科批,216,250196,
南阳职业学院,广西,物理类,2025,专科批,216,255976,
大连科技学院,广西,物理类,2025,专科批,215,249284,
广西工程职业学院,广西,物理类,2025,专科批,200,255422,
三亚护理职业学院,广西,物理类,2025,专科批,200,260114,
